10
8 2
6 9 7 11 2 16 4 10
20 10
4 30 26 12 10 34 23 29 31 4 14 45 49 27 37 50 47 47 35 3
20 6
8 15 39 7 48 29 47 2 36 28 33 24 44 35 15 18 5 1 28 7
20 5
5 7 21 47 5 28 34 10 38 15 31 3 13 6 6 30 44 4 49 21
20 3
44 40 9 39 41 8 37 48 40 26 39 49 43 10 28 11 33 22 31 41
20 9
43 50 39 12 14 47 38 21 50 23 14 24 13 15 18 42 11 24 32 24
50 7
66 67 21 67 97 97 22 20 42 28 11 15 11 16 93 62 30 10 77 70 91 51 29 94 49 40 21 69 82 12 8 70 28 24 26 54 82 8 28 68 6 35 86 47 76 13 1 46 58 55
50 5
88 69 79 88 43 33 52 44 29 41 56 61 27 33 56 71 38 35 68 63 23 75 87 23 15 10 85 23 18 30 55 17 91 52 31 76 45 77 90 21 97 81 13 74 52 37 83 15 59 96
100 10
47 26 47 89 30 40 35 52 82 39 1 91 2 83 89 16 49 73 16 39 24 100 11 55 28 56 100 50 7 36 44 92 81 84 66 60 17 55 97 90 71 59 2 76 92 77 40 92 60 30 4 42 71 42 6 14 20 4 41 12 34 42 83 70 51 39 44 49 54 70 69 96 87 44 66 57 98 9 33 34 40 35 57 59 41 79 49 76 31 25 51 33 49 86 23 13 52 100 40 48 
100 1
1000 1000 1000 1000 1000 1000 1000 1000 1000 1000 1000 1000 1000 1000 1000 1000 1000 1000 1000 1000 1000 1000 1000 1000 1000 1000 1000 1000 1000 1000 1000 1000 1000 1000 1000 1000 1000 1000 1000 1000 1000 1000 1000 1000 1000 1000 1000 1000 1000 1000 1000 1000 1000 1000 1000 1000 1000 1000 1000 1000 1000 1000 1000 1000 1000 1000 1000 1000 1000 1000 1000 1000 1000 1000 1000 1000 1000 1000 1000 1000 1000 1000 1000 1000 1000 1000 1000 1000 1000 1000 1000 1000 1000 1000 1000 1000 1000 1000 1000 1000
