20
3
1 1
2 2
3 3
3
1 1
2 2
3 1
4
1 1
3 1
2 4
4 4
3
1 1
2 1
1 2
4
1 1
1 2
2 1
2 2
22
6 2
33 25
39 13
12 50
46 17
4 36
15 50
7 15
31 31
8 10
35 40
11 2
28 6
9 16
24 20
32 6
39 32
24 5
3 15
31 39
3 29
2 4
36
41 11
20 5
31 16
39 29
15 22
9 25
3 25
41 36
50 32
27 10
40 25
17 8
18 14
49 44
19 4
25 37
20 33
5 48
28 25
25 29
42 9
4 1
41 31
42 46
40 21
31 43
33 50
13 9
7 44
48 25
31 21
49 22
45 24
12 36
15 15
24 23
5
30 35
42 6
34 10
4 26
11 30
281
565 375
967 622
228 981
682 26
272 279
259 626
259 333
411 430
676 24
890 801
198 978
378 146
320 971
236 27
301 620
568 765
324 527
159 624
304 76
515 471
745 188
613 641
336 56
933 208
662 354
565 805
204 451
262 65
691 258
856 381
788 90
876 625
201 699
629 991
513 983
153 144
94 638
516 989
730 601
421 367
277 873
637 895
879 216
966 69
523 231
161 259
297 573
382 2
842 717
471 19
351 207
341 623
801 973
576 350
409 110
401 987
512 878
474 877
976 651
996 486
224 936
991 127
650 981
517 385
392 852
127 548
66 668
29 810
328 240
72 277
165 913
659 548
113 71
836 432
13 195
871 620
202 286
923 608
809 418
609 884
635 279
627 474
977 775
458 19
77 289
998 1000
982 712
537 785
215 5
683 25
463 480
582 71
577 202
563 301
941 220
514 156
659 432
741 701
550 398
580 473
366 735
497 976
644 685
500 964
129 488
87 566
103 473
979 743
741 554
248 8
397 435
144 361
297 629
91 877
904 970
715 651
373 58
249 469
183 414
573 580
401 104
912 121
307 160
125 836
726 495
202 328
795 15
603 188
35 832
839 386
207 363
983 347
784 474
901 383
831 573
154 857
350 397
758 528
244 140
387 510
892 114
834 76
597 704
923 915
730 96
87 732
683 378
728 319
433 319
479 430
412 288
548 947
367 375
57 725
899 772
103 117
79 745
30 326
333 558
344 159
582 844
261 707
556 349
671 33
590 217
6 347
583 673
964 545
990 454
505 142
86 810
648 441
639 157
279 261
857 505
505 113
7 214
151 559
617 509
290 823
96 647
338 108
174 678
272 485
874 498
166 460
102 645
317 130
76 607
293 456
443 425
664 287
758 580
647 127
700 274
554 275
160 59
554 698
362 153
162 894
443 612
448 560
291 189
680 536
446 117
33 929
922 990
292 410
457 928
739 357
36 876
743 859
372 892
528 45
451 160
928 12
816 522
511 888
926 665
775 707
236 833
233 871
149 888
533 739
569 289
781 32
201 764
745 977
166 186
579 773
449 549
323 15
547 453
587 918
477 619
692 220
216 177
230 761
518 391
35 720
438 590
403 416
603 72
184 403
812 101
395 122
444 310
364 118
587 533
797 816
913 250
238 81
657 550
569 321
987 267
390 154
200 345
415 213
90 657
228 627
608 621
896 533
804 181
425 883
423 906
579 87
683 526
172 451
375 697
24 806
206 924
150 689
760 528
471 551
677 831
838 80
864 698
553 980
505 960
156 13
985 692
310
396 481
318 8
914 594
200 108
623 510
522 699
494 820
21 597
734 166
691 364
465 278
692 80
664 699
441 515
284 384
147 558
53 348
772 641
830 914
852 13
606 58
69 493
367 133
303 751
642 852
771 975
536 896
162 812
625 642
158 391
456 555
679 387
28 581
767 206
639 415
902 836
842 28
37 419
485 83
485 535
819 127
384 303
795 336
878 981
927 982
681 289
64 116
488 29
959 546
271 257
181 73
116 639
26 210
770 687
153 590
41 107
537 855
818 44
644 948
399 418
379 503
192 927
630 490
335 108
376 252
547 305
928 536
327 775
976 694
140 352
833 847
594 877
60 684
330 142
873 53
421 317
987 973
557 731
801 869
458 808
837 372
485 797
624 124
864 356
283 998
803 214
190 28
47 108
4 325
566 949
804 860
64 181
656 681
798 243
921 980
226 393
575 384
156 223
805 701
93 327
138 204
703 329
105 678
930 39
777 612
343 642
59 623
576 162
346 809
773 296
878 169
63 231
215 921
376 822
87 67
23 894
983 895
1000 849
160 853
905 608
458 384
149 355
648 216
997 947
857 646
376 907
655 227
793 394
947 296
160 985
382 846
431 850
377 582
718 686
652 289
998 781
145 289
241 177
713 413
334 866
485 192
889 610
46 329
920 58
965 635
198 722
458 838
891 371
511 723
273 360
301 643
904 176
957 191
273 796
392 104
573 758
903 383
350 239
970 245
948 847
675 755
801 887
195 235
637 658
35 180
369 959
68 865
854 247
950 201
542 460
28 639
545 679
485 939
833 696
531 78
293 201
711 17
184 514
529 405
635 165
180 963
174 19
87 524
410 860
460 217
680 433
772 844
938 941
888 308
328 294
313 276
819 224
303 811
397 442
428 828
478 117
113 358
352 539
839 748
554 325
495 526
519 291
642 701
200 535
464 778
589 170
715 470
815 92
84 938
183 814
492 160
927 659
596 879
415 81
653 361
960 492
735 544
564 403
260 260
995 335
109 653
694 842
219 886
151 485
631 223
566 32
977 321
684 869
492 597
867 724
175 380
459 47
68 319
421 655
340 111
427 812
471 229
397 560
928 987
772 395
782 128
401 55
483 727
670 860
504 759
388 812
230 651
610 992
678 267
595 256
8 207
791 446
615 522
48 682
162 796
118 950
339 534
114 226
138 778
310 176
306 95
674 665
107 631
47 309
165 803
6 182
258 613
33 500
763 764
416 633
577 67
109 862
804 650
336 139
335 906
530 858
889 371
605 899
700 456
528 472
497 993
119 577
768 727
736 472
364 828
254 550
332 271
481 123
843 266
11 569
584 302
627 976
460 341
685 362
354 398
367 999
138 724
708 985
172 575
252 169
642 432
976 7
805 959
906 757
286 367
658 723
966 248
306 203
741 380
842 198
302
386 491
988 192
900 206
854 989
667 229
263 381
753 128
845 379
229 784
188 262
570 79
299 777
975 941
995 875
471 956
487 734
370 227
629 882
17 933
385 330
133 35
25 189
271 556
241 62
656 955
176 828
489 145
536 473
859 966
793 541
536 539
420 931
903 545
516 306
323 82
784 677
291 286
209 619
250 398
41 974
160 948
305 726
365 744
505 814
588 571
59 533
709 959
999 277
841 12
231 527
521 627
732 140
687 805
950 613
554 524
727 538
148 353
799 142
23 739
336 144
410 573
530 378
136 896
719 341
49 987
992 633
277 897
413 145
967 906
736 524
311 992
985 548
286 51
290 298
797 92
51 815
21 117
982 227
623 294
356 793
637 936
589 760
446 572
459 650
117 356
615 536
329 736
216 267
621 10
818 164
704 226
508 531
725 241
912 634
12 945
238 266
638 321
456 724
716 173
174 41
847 155
842 665
808 598
61 7
816 502
927 890
345 549
698 428
146 234
886 638
86 328
149 249
284 168
151 141
439 738
262 876
278 359
163 856
732 504
966 112
353 671
601 341
726 780
636 746
44 785
505 118
196 725
873 916
543 668
84 283
95 620
172 613
547 88
977 891
957 640
453 37
591 469
720 990
592 73
228 493
835 180
690 748
760 671
10 148
40 708
437 190
187 75
734 306
484 462
660 619
763 724
360 320
506 336
340 627
520 699
649 933
351 332
615 879
8 366
248 489
773 138
388 910
797 959
589 53
603 48
467 816
678 886
48 376
409 328
613 286
468 705
410 586
400 946
937 751
630 170
714 100
423 916
775 179
380 305
57 181
510 584
360 362
279 444
310 229
334 622
515 773
213 317
417 932
486 780
576 923
264 291
658 627
918 772
48 773
624 911
970 89
855 261
762 665
52 440
192 999
736 296
806 121
420 950
925 539
49 84
93 197
992 17
831 759
938 113
133 428
849 498
448 699
852 919
353 142
6 936
560 205
798 111
486 131
295 52
413 735
201 416
638 284
189 468
385 649
828 410
960 591
863 378
35 849
767 742
436 927
5 598
828 777
610 787
619 353
23 446
899 448
662 641
636 535
430 596
720 815
490 161
648 984
385 624
4 813
102 626
549 85
681 136
37 794
747 620
717 405
197 942
806 126
456 296
191 760
933 449
4 954
861 172
220 310
433 834
769 781
331 731
715 856
578 904
444 976
544 258
548 629
287 611
725 121
183 323
496 742
824 827
453 42
309 573
798 753
94 529
251 243
652 753
22 808
904 244
583 235
563 317
328 115
574 989
394 153
91 419
421 592
617 498
723 280
546 219
716 385
40 405
642 885
850 427
581 517
819 782
456 954
859 973
641 581
275 35
227 647
404 761
983 392
263
342 734
578 741
917 400
390 775
903 670
605 590
283 386
16 267
652 13
863 32
818 783
244 340
383 818
489 90
315 679
125 977
871 886
617 660
885 272
480 35
485 783
177 158
88 596
735 504
624 471
633 857
205 18
673 794
176 174
664 484
538 923
582 817
637 610
134 192
786 158
719 251
528 245
875 764
786 43
195 674
808 255
288 888
212 2
922 198
230 790
564 348
135 820
821 93
440 44
855 1
979 1000
291 353
448 305
682 430
729 47
732 441
662 75
452 260
584 287
441 206
672 52
893 265
656 226
273 679
568 243
925 471
810 432
196 324
166 225
781 358
133 183
658 694
40 501
500 604
721 977
268 187
264 703
139 731
30 382
329 205
469 647
649 395
733 60
754 316
888 142
766 2
822 861
573 7
544 795
642 746
159 288
997 198
965 174
150 354
354 950
975 449
815 104
401 187
470 910
53 689
991 904
867 732
611 888
502 693
700 134
709 181
514 900
794 965
439 707
38 774
778 443
786 962
126 670
726 960
164 868
101 931
267 415
870 362
126 808
395 680
294 807
805 437
434 925
84 281
965 333
499 223
144 869
49 975
554 465
600 850
190 40
217 97
268 211
133 622
574 228
445 632
764 244
962 745
975 899
316 603
169 691
957 13
938 717
518 306
707 489
352 193
294 728
515 829
219 212
554 566
515 590
820 549
728 582
667 187
881 422
392 225
906 919
284 400
625 97
584 505
657 230
764 486
290 342
42 174
142 891
387 491
461 861
776 439
400 574
250 58
929 454
66 540
143 520
944 488
518 378
502 406
508 183
181 55
908 248
38 940
550 270
26 110
476 561
162 270
86 834
318 53
541 771
128 749
306 333
889 981
391 176
906 616
852 958
108 861
875 200
591 159
435 294
470 397
272 17
504 290
592 596
399 902
886 149
252 82
602 552
431 919
989 380
427 30
721 2
623 848
134 628
461 215
190 203
646 122
64 951
371 371
536 754
860 620
332 884
476 236
615 343
682 358
81 340
136 738
843 563
959 800
87 654
944 451
829 621
988 467
422 474
947 937
444 733
215 102
95 840
393 564
240 764
330 82
377 441
827 26
122 649
205 846
892 60
48 133
777 588
878 274
273 658
840 756
885 646
991 422
183 817
516 160
847 598
639 155
446 20
955 816
318 148
527 808
367 968
309 916
994 136
990 269
385 687
237
260 332
75 444
203 972
744 347
369 763
132 377
833 233
227 39
314 879
268 782
815 831
936 679
664 849
466 546
742 374
856 922
898 983
942 814
165 558
427 40
656 180
384 160
220 712
687 809
114 53
57 586
19 923
14 158
9 212
464 748
523 200
167 862
444 48
397 980
299 109
27 601
187 945
553 668
508 757
800 200
535 624
819 596
764 989
552 194
926 44
499 378
238 111
27 671
419 797
985 528
431 322
856 711
563 924
126 702
585 222
735 387
280 688
809 298
147 956
728 267
633 665
211 798
101 890
780 869
199 224
515 25
272 931
850 707
161 964
873 188
299 564
426 436
175 413
581 997
262 287
548 169
97 988
192 966
761 667
993 168
312 287
201 263
677 121
489 179
243 449
865 719
938 544
650 338
162 815
190 38
302 248
630 467
174 915
178 356
67 537
892 16
854 556
733 482
392 756
61 73
586 442
517 823
94 176
591 916
555 238
476 387
451 269
420 427
104 55
553 295
633 28
428 342
537 949
493 593
560 796
334 75
55 801
143 740
15 933
986 84
832 74
967 965
622 312
816 728
871 448
238 174
269 460
57 352
849 28
66 870
341 985
724 419
880 781
6 790
628 536
369 409
883 883
423 565
629 384
945 666
762 831
863 691
709 449
970 471
590 463
605 240
798 611
551 175
134 742
553 197
711 95
53 930
579 473
444 937
425 844
750 665
163 562
437 532
123 739
1 867
856 784
708 903
309 834
127 376
282 19
938 1
511 563
134 89
303 668
742 346
18 926
857 973
617 162
96 43
981 25
461 316
375 709
393 283
409 774
204 479
242 70
407 402
148 261
21 477
857 924
365 640
344 716
552 950
892 807
824 238
429 805
902 746
843 608
578 43
769 968
926 930
287 206
842 72
222 283
432 269
775 793
737 236
900 768
677 420
652 89
237 687
57 166
844 878
453 703
360 865
199 142
293 355
362 306
346 683
157 527
24 459
515 91
617 764
124 273
454 527
57 913
551 844
347 68
862 166
163 196
764 500
498 249
25 776
161 812
230 179
945 559
766 286
724 794
935 913
433 862
189 415
410 365
1000
883924343 959304823
527771201 491854015
502830150 960111387
182893622 367415621
357873652 876336236
698664729 328880049
119449970 387486891
276886909 765285347
659414256 63496536
533349682 746632444
279928800 577374005
647307593 797076318
28469490 998788676
677828115 200686249
779549720 970961348
879261473 325768126
210723459 550716471
240664900 376592575
445883043 769128797
880936590 590975756
633301546 919542841
492832334 380543814
65700872 893105930
468187415 465362255
264240239 151804754
775968952 2385991
578477775 848226770
174532676 270091407
892575706 192581771
394150922 146733000
609830785 642109118
97698717 505481940
252125428 105507051
44692429 368308180
254783653 522611412
220948139 723471911
582376516 304116090
361705352 628629104
31089859 555610910
359526133 652803727
626797138 873081153
174803651 332783526
928325731 835485860
921801219 226745365
614136743 939035975
395452167 693903741
324793870 680023149
252670302 357586112
60513994 645076117
261047258 31173118
247562315 932798337
964725389 987308184
863326275 284065841
866443975 617830703
819644835 112986344
659383064 457694629
208047259 665594661
922104659 591483674
985951389 51231146
963339400 37082608
925891161 948163705
560376072 654726599
877502913 896360656
900660836 83545984
859078661 125663539
183657837 833753404
767051159 852765026
794656308 730012253
845173288 27732061
719496714 619481987
559943848 835078758
833946497 782688400
496119625 267191550
122453608 517178020
145448315 767634150
226687953 951341088
198544880 738272799
83531278 738506917
957051544 487262697
876662447 659891477
768073893 697505991
36460676 533379984
527251080 752589944
182220704 635209592
50148337 613963774
97277779 293984620
58241490 335004058
886186030 924058448
108490843 122539724
145619970 597975618
779107582 332740183
254007264 650310821
362612332 358596666
23431193 363289113
173339797 185389495
501770302 677699455
480110250 755391311
723772705 620552441
797930270 411643075
249965265 95526887
667437471 847450388
46368929 739606763
561147681 931348610
554609440 689657316
802741203 377291407
454956577 102276085
378017574 645692925
292876468 87873919
493897677 544218826
235365161 263376930
701557174 482556474
145243411 14212799
750639637 202012877
175335746 1736055
949054808 496160835
95981511 45977516
952006963 297079710
862826995 501783038
461983381 925873952
570475608 472785998
873480623 448718407
153394373 306030014
135372788 351764439
539999820 539077294
813298194 714794448
594100031 293103295
520283645 237877618
467365165 262760659
167654116 234218815
760303337 459876106
686203704 301028088
91911810 119154885
459561643 279153054
529233227 796106406
424162350 950237042
82390484 81362573
350576113 682868724
829030894 843991963
935652198 373191143
461762218 837478962
103942973 310884682
865474137 190616562
973287784 401430367
715550860 542812092
610537752 593798311
166256660 758538674
580307645 414453475
775561474 316941108
638423049 704005907
338743464 872978659
984651756 666417529
367195541 834884257
355736216 937140119
45213084 63591309
976660349 910633004
745581004 737647115
200084301 528696121
490192504 978763193
39084025 7613441
137091888 352993658
185227953 788345091
249159365 869669231
241332199 422124034
640894280 179544823
272329035 201199613
513840137 275411125
757994447 761072950
421494172 739234441
382308771 336384302
535262671 330262421
799876153 750100133
150516148 633393209
838075970 326629790
589092764 958492182
14829486 734859096
367897 246023694
61589935 140421205
180363514 774185536
939045557 549763670
981229906 494495760
602630770 413812316
85261168 71578652
893739991 944412327
515998183 842232391
507584788 516809914
597790855 916956593
381816731 647738708
580629600 140897980
287817244 680344695
220622789 814948616
900166793 223311716
96026182 870435702
537134610 947812508
186287285 671260711
774224681 92774879
606758689 532420221
391970687 75244079
491295452 587913496
442719748 50544078
955284599 368731098
851687658 162847803
309308868 777523171
600182689 732689976
283434962 992107412
330144987 691206597
846681332 866175630
363159688 964753957
810511033 976789427
662281178 943919063
169341940 392134947
899312962 906525341
517895861 631651392
476251760 673571192
708420173 120590761
798287446 105641641
295798093 785645889
619101988 379026865
935780230 670878249
537589324 659998544
944090121 193356993
116729983 776552841
861977895 288057002
11415981 694171035
953240177 356583109
272604936 202174472
790885560 62917428
753470208 993604240
277995534 192268631
438338375 241712694
478378946 203623887
183730893 844559162
79895655 532214910
199369668 605233948
171721165 15969924
852964253 487352478
56689924 10885187
285509896 404235201
585348191 299316058
409867766 801092038
773790062 907892908
562105754 900656429
469715202 735395930
608822371 529253817
65279276 482638788
405033986 680907881
65713981 723122571
723594089 634308991
87503302 713550224
446909129 162413180
476515992 109006069
232376210 701479457
571357381 59287578
861832822 333104238
72980636 172740256
975059813 415398054
3354032 733505897
240036241 629184328
65671888 217357461
222916970 930811414
998226959 117357445
939823778 800423441
311488701 560775899
225873450 601740153
666981227 792146551
77908018 419194833
563189225 460678010
530910764 574452696
541963082 51543110
971795144 733850512
250098142 939827323
568443896 96749626
451991351 205791482
656006893 577736791
40523300 656072165
530845719 222125480
623707319 266211484
411828520 356372781
355343937 105307584
10858768 530741545
188124500 845340466
797139969 325558043
653581759 908931604
630342507 285935045
215987861 844440775
935810560 931361064
776375334 941202666
332561841 901256836
221925890 517760352
372016046 24589404
766527740 105554505
214734441 218566767
693910820 326955271
364145042 968413631
106082763 581472314
813416987 691159693
115065730 194888643
295892533 110029402
703009818 160105668
415347024 804741607
232685221 363380125
391587357 682194228
710292850 765683695
935542926 780607875
555766291 873235611
24219604 141074261
170387802 544364483
324772960 137371755
96643414 374665928
110252002 72752070
373057370 774605897
319576907 650173351
718312950 84348969
624355533 360110478
541148410 538307464
519244761 386467389
539860345 77470408
48509215 525654965
930494915 174675336
473317521 882721591
825187689 465227948
153553247 665012036
941911356 197420626
962379771 983683996
708767565 728840669
828986902 284821826
378782958 1239021
287560352 311182965
443253934 31191140
95974859 101843639
321384543 605293153
188449031 296611017
682122515 186015816
300702470 563207340
288459033 826928567
976590777 94611360
789800452 154363793
764236880 448738343
591704228 941736438
622389564 344742915
874059017 535944263
108603951 752345139
469123718 461317414
647881754 674616568
44273067 721391219
334429485 729178581
166808137 629560656
915698906 28474762
1498481 55190557
564646354 260994071
526635892 631299195
955942917 901223102
866987492 647689035
390879909 887008256
710280080 682257583
85639202 686913438
38514314 535473671
510165038 676236952
935854116 967245300
453023161 234005809
405135086 939545176
507941109 436226280
958224568 8798803
438153555 416298111
673924757 59426887
770953603 527058423
987183317 582858195
519629175 792990865
765359881 780183002
16934495 228736718
816673794 132061309
110219437 892631662
543387601 803992859
967216657 932607091
759033799 172613207
583108477 894945054
360328821 28472338
471150370 672578544
749759404 401215340
753359984 555284394
310912125 559640262
92488729 165513805
912873786 913269697
3644941 729088281
98655090 113732927
593846654 986003600
419067896 829745504
723194588 354393203
514931932 557834629
356883418 237761475
529209198 281885776
503586150 515094209
129815105 699121569
963312051 339409133
148247845 497305241
867732018 431839498
111588139 418847642
169252244 520724759
995734692 890900548
246761417 979336278
312129825 654025592
102612482 603371336
135915379 534966103
857980081 440631725
126018988 466529603
75452807 175324296
611827483 634948573
879487860 606427672
596979283 784795908
493650602 146894303
90202915 879245787
709622937 283424414
199075486 636573379
70302708 108543062
625989395 810471771
688203945 80813128
840392213 594301062
375231979 618625268
456019572 958508132
882348075 594324509
357481025 356733527
881113881 411663042
576241357 846298879
466710439 689676581
710169769 213154365
268935686 364822214
696010150 485986099
603867046 412278376
90051285 96798785
954154808 618213386
293344903 944803592
697158831 354495727
425892942 481349737
118665529 527228822
210567929 127390342
575451978 597100993
379995803 989654719
507993745 677276784
833867907 604172214
878284287 981880806
720712004 402981195
286648774 196170658
485182126 238793375
596142423 507449447
910094290 141734420
624901986 732548660
125442817 929619785
590883801 807014475
555981260 481081122
390012397 276358444
768819460 603328957
699456526 990328986
833622202 708276349
714445293 195983764
537766463 4617218
972530812 340667484
74471460 846230062
353109996 934180979
626778683 555875872
518310829 23783066
491813267 19326012
427799665 845596882
781957759 254352416
184893481 264219740
233495695 336162479
240169477 677671352
357094035 857149449
382808694 191535272
329098398 177479055
972013871 629763629
469743104 737487331
166832926 307469960
816248138 445554405
304831095 263218490
248638029 349023159
890179753 562461443
958363674 217682616
680747109 277758949
754692354 731562380
766986653 394155297
973528214 700727569
788389250 53762360
409901480 621439338
771115140 666862571
943649863 104275959
838663765 980793403
487922630 25952089
48573925 885205096
440300724 865874802
997939558 20011509
819175140 760148322
131391561 898139041
190681958 452304778
72065342 421497710
67515018 68262796
346164279 220545692
537365475 414536776
386803812 352416686
255206465 69895648
86891063 565971555
924691893 931717043
712325984 132019646
692203920 431126116
646913745 929011198
730334307 986588116
773755067 785760933
214774784 701073698
725490830 328568947
461535606 187750065
505233148 475213675
633714968 194175522
384777205 185693900
291974261 253665876
374375083 875199257
868622432 107431275
966521743 601068561
321608936 30455493
687451217 132230837
698714976 638985476
231686114 642004296
516993112 127224330
127112309 58320714
49848737 465682168
167345016 521671035
603828300 58969645
739926431 954922461
133996714 677317452
620822745 195999665
726930508 55419190
365613143 500767096
154335235 735928330
536194699 941226227
409526240 549182763
187519270 281308450
504000821 461901626
878662424 579770952
317497489 365087254
495749779 324476900
988047303 688793826
922468104 423102136
83781094 362976766
363594023 400570565
958583617 881439500
783876321 571863883
437266792 626195180
169261416 745646285
751120684 329374143
71782189 325915914
675085981 976106215
970686432 406753540
408250638 701112580
128680051 433782524
61104399 678835191
130665239 858471027
837137522 107613410
630984508 185325609
439100998 151329828
311393172 8331809
825117405 494266721
565258255 45815706
147974089 554169719
982927839 171789590
52037593 177839753
179470708 244052054
442382624 706046455
330986624 859093083
46075117 314148451
83026419 206693733
944518099 217290669
351532543 976152311
280017826 697898230
437957653 543228368
283623786 697785503
825192677 589090802
734177150 443811914
282226273 476189342
161442670 454612695
931254714 123528789
9533963 969502312
911807840 698256599
202446183 12596317
1767172 829759783
277570257 136793943
790371736 608648068
583932123 666298679
181381965 710439792
783138647 587885855
421254547 942014380
302540116 832844143
54633244 752118840
758403877 176281033
916516313 991451735
745921113 618538765
142754554 902461576
68866499 537147228
957756144 495707789
463721331 213026327
431382382 35799399
129308858 115289056
330266466 178819415
51987496 541167767
921692928 743537630
112174480 145426782
951646647 842796988
646748163 362707604
273229368 112718580
954051536 473846748
785418869 415259333
56316041 4152343
955714975 673017777
450192639 931017061
784349222 762711417
823500100 91965223
714250172 961385245
480098983 89263102
241995601 871960800
766034363 89941964
12463383 787684929
871766607 738214833
909323391 31586306
98054006 486712846
506460217 260585508
199731584 900688517
868410423 639078888
697943038 75697142
278100905 177052110
110413761 523317379
440158977 843468185
692970202 725131659
246749167 394917960
920290458 475273649
843523941 153507869
513039250 461378262
598658452 550798489
143816083 420906009
123219948 391459965
491293103 355876317
392132383 47111625
325891637 141977027
19909405 974856640
238026424 351178922
309845272 488639713
854559751 218895541
194475905 936444142
446033461 873701189
55721480 408409832
474458770 443107577
456784798 857667344
344514990 705613748
472339574 915281638
122224476 559065751
574973951 652884268
827718828 193302017
446143210 992896996
98271727 370563989
394075433 210286157
96948406 218778164
272009196 781372136
856687059 602319357
399169958 924108152
31169365 514269267
701449221 158070525
271896206 291330519
183032828 8353207
893100560 828506216
409791932 494786344
33920426 939411241
876875958 774901777
402877551 69522554
449296794 927596659
342898863 50430973
257677401 906311055
565645306 565246098
730880550 619428837
608087843 679275610
955394927 806986551
946342970 795527351
291382248 324781190
753949328 708112457
266585728 75512851
142798518 221031665
662144360 536008031
974291069 294537168
547181074 559497515
74959606 992713544
555785519 464935287
602031731 655559418
154584751 728690053
39657603 683987909
661325764 52141527
88920057 624168396
111247582 832219691
845066468 795420783
579099567 862201733
41586839 420854864
591379240 329196581
311572385 693400399
938682233 896442763
1784277 236072589
730887187 576004217
796478531 429724779
228601769 558827761
827987260 86153867
180924457 774309937
524050513 676238285
408600263 14720189
593144915 510325843
986851314 640083029
227629907 906576253
179340635 215634425
190191778 806314988
401731061 795282923
236608210 710301057
191015406 748876716
868524978 332544862
798601914 924242429
402335317 138214883
375167239 407707359
150764810 786004146
562787017 463467410
554304356 517623467
177123119 775400601
490054195 587573743
445819051 109102515
185575815 474105311
511551213 286351330
31049907 110342941
458024167 920724839
698003015 496553865
109658825 557389762
190673940 69129285
630514693 141159350
868201771 633164720
216346443 721553730
80970205 466091885
543848589 726729640
62446012 922091613
937176316 336359785
734158743 200892576
26728712 290326086
847999872 280246167
162473059 593170752
543579337 890143203
787191806 484662935
311046657 733623142
938930185 865733069
607451899 647899968
647754741 867704739
881593543 501361618
341880436 869671450
814764470 273425086
10945911 804622451
322959192 938981604
596116014 66640175
693197952 593807461
144507147 359408142
681961278 914752675
208584639 161559058
240678116 180992574
492846394 856401788
540407809 793714456
950248365 307954125
752951911 927231056
433317514 564893638
908731687 456013897
265505410 391332712
433983123 676733604
592946053 245514227
796000826 720108096
672066245 485289449
445975279 553304896
459739827 171009291
883719362 965833477
870174463 487077978
397602563 56317486
157852315 503629335
628990021 996357790
853671351 865874370
633077336 489292662
67296709 802058782
927678541 377003285
479672693 609066794
623784053 820831518
886262969 900097064
364759649 998943858
93413058 810998169
360197346 348393264
417577984 313338174
703426570 776340667
274111524 3608599
210415400 372167091
131885601 648199270
954984654 785310202
724197925 463825837
928434382 269130928
259141540 679020714
554398264 903825462
714894157 81688929
405841756 861410862
791383314 236189970
840912845 167040888
961443875 93196349
47309403 252056629
314216689 597888165
530763031 34509767
60454703 990199113
851241298 669326030
854911436 488413803
367740829 770550059
253050105 526146444
893118409 608759807
891202600 585242988
688564967 328176556
615845898 34733582
693347144 799646674
949073039 941288625
614749310 769192275
130569961 121738711
367283544 537822287
564812168 172093249
639334377 767162919
862688286 76279792
106077568 168037245
425990556 29416484
45257904 884156976
221130290 467881312
793322313 853414756
255961425 309224547
289339484 948516727
643359148 742598959
826198586 637552140
478814002 188244741
639293044 874181635
655729428 946055269
978045403 373381502
781654980 967129362
861075072 685150685
588646131 517576715
464663988 556536257
169217425 513121683
134078984 906849547
920788943 339881769
975650126 494983901
576673056 752073615
479811733 131020183
340629043 936425669
685201456 426816731
244088057 564494350
359899054 176479624
661433508 641970153
689111010 474070978
556640165 518587928
563724508 177262311
774613932 602648476
77833197 937708442
59458475 94481590
272750502 966387643
333794770 633420007
221587416 705480811
272141715 310097647
456980884 883829772
170811806 886034640
545612075 146229822
387764710 561820108
655080494 159578083
197839257 357362274
966766959 302287130
915024682 613965907
482955005 205703495
376720458 900991650
922940459 843176712
320001514 333601678
803528584 380041792
49083450 277379738
804229351 977624591
789169323 401366661
30231895 643734742
626580975 183504721
845843243 746444855
870320631 891917887
845899763 905168658
829171699 634503119
155397760 693854600
31356501 693955524
693765347 182454523
546734798 947333917
390916205 479023627
491683918 576595484
197120431 690823321
359103750 203093570
655471739 701560263
706108521 537384528
327239136 50230773
369130789 440170054
27183152 947579588
642789678 896794470
397123837 240103702
168297395 523668018
87743255 504848139
53436197 249730665
590923406 500174853
793783094 774456077
392017589 602678435
820984535 21699678
478003228 851874504
393140792 659450847
994830484 862881172
667635403 287516751
28674350 983363433
36195136 633398704
975309371 401508327
293163913 583080259
97173324 538717167
72149207 733317001
206702386 540860835
8229786 14658627
591852030 215747171
591768451 502632561
584465154 91220176
409256325 674057814
40467149 304660172
982258127 354204529
118460722 871308151
212903890 136034948
262211904 789756722
139290688 792979344
177374538 726638495
579056394 898560469
993107680 823508894
763883872 392015318
25205970 296681808
49667508 433203538
237348659 158053910
231456182 11843403
950578003 976081042
428623960 580100610
961573827 371002533
880158666 971851000
29266517 147276142
511753598 140758254
567949336 789006160
468284965 968309220
4962654 998079979
997495727 96668956
551246264 127973921
3242830 722192663
59963896 967129106
79041394 286929302
601541165 987660575
937850317 408844186
196098986 360080874
346828112 306777444
238156031 294361170
903876651 494886004
682564092 890796411
253245392 399083916
193203636 470773187
338850543 41758893
650357367 240971469
202996090 788739864
878266326 324803449
912674465 773993294
46714018 263669225
491859158 454460175
28912365 758483324
761716682 642972510
764535814 263165142
262929517 345360506
296601727 373301717
512147697 508453349
762771497 296399260
146762950 793579104
820938774 203385995
610081438 114792428
319555733 631327812
8583273 193627593
42322745 85689254
427172185 61880441
83646162 21281492
384896479 189066174
550134641 57852719
315378603 818527895
855081574 912577367
646279599 382507333
771842116 196739885
568519195 872308555
932693723 421032914
929301601 474414953
652541756 697735080
406011186 676874655
548070841 242484303
731711614 880697647
284129 306448041
226091894 128092826
906596486 580656853
474308237 394311585
454493626 868337206
992831345 274623300
885315788 729328493
936843542 444391366
713130575 33782362
1000
169825195 75398822
953486354 727257630
867826849 195314342
80553768 254671130
410952363 170243015
726158817 227873520
718114231 800027466
174857678 631094400
72043257 803903408
737110976 261292523
294834911 826787513
461216200 309267603
821715229 43365223
884103479 74366744
600037026 434380283
757657758 399672155
460998047 385318390
897116110 681478270
552046983 894322713
9233369 136333025
46198024 795655780
548106510 224476709
455985686 322342938
976622336 473802540
967019488 162031546
311700094 119429654
339084503 271993606
636296091 700108356
755126957 272803583
849895335 663028824
616888915 972361190
544035634 7453746
356230649 592596283
795060751 20637427
523440913 348517825
52318030 717349629
237645387 284155255
35522880 232113136
246739865 427814815
22314870 328942253
989182508 40528570
147073730 933527382
562478708 463166088
871828787 537455947
357802019 382626316
400816667 255068973
282172969 980472197
269066764 490493150
514195640 893504629
792999637 257718654
322813248 246914973
825837449 950895982
720226931 979333374
629794423 963794512
574085186 337458649
266577202 218685700
41205725 244980398
96936074 661312427
990974390 135997247
941100176 504935846
440160125 857039502
411798165 22566295
842368036 661796570
696395562 783031135
372631515 850572196
115569184 253348381
730935316 396619695
936757896 278273076
355361664 549306618
995140276 103342916
764951567 294059720
295312947 635562543
397343475 583246744
823352280 232539413
556834972 561984300
220140466 260690263
414875836 781670532
306935572 211272598
131019332 869180387
993365645 347660724
744760676 662133960
251834864 345859793
994417038 385068022
439008333 609011023
728107890 112534892
183237109 237349070
279790850 894084716
671901817 514134063
253173614 666883958
575767722 455028116
479372584 499977805
76656281 520795740
679781857 638498800
304225175 755592491
956706441 96188065
973370422 287136223
482774866 524527585
990760517 810496411
336480684 512206961
17779415 963284671
402592329 261097042
72729147 742668524
980466969 744512708
846086660 314380548
324694350 378969674
83823361 598049063
711716697 929506979
704516421 675619511
283555562 314537681
291407392 482116180
706711795 393572629
513337891 531408863
374380452 101697263
937020191 554332281
911154799 555147042
141748261 422687364
480200709 557554605
888220038 664795552
670497366 849681874
614377172 678155438
923255956 428907538
428582110 593583568
407928623 632037422
356263862 265887846
34095065 469448999
506670254 274824978
711973762 913994045
738846805 911522227
714187356 568950771
146933374 747252589
566144984 154706952
984428089 574039198
377445030 223564670
780195799 737968361
527134391 44473237
207677672 678794030
910080830 865996496
490980415 563189134
545199786 73259758
882832876 901480811
157654700 156369138
103302464 943798117
479293494 118336283
583312589 309165405
918904185 343592683
236496994 738206325
531517413 145158946
547072273 350126861
610419244 752593347
16912172 41848518
842957886 718448653
113206338 639696514
215716173 844383362
585943846 567789665
297881545 262574308
439575015 1444804
653235556 523315249
231527896 804112205
547923215 159226541
607960969 532223708
210168058 642695640
153450699 962495890
171297943 450867826
420161711 943253969
621184150 193232509
799781766 407414073
771832553 265787194
923736289 291198123
526321857 682916650
649409425 136781385
2741902 926635534
172293544 303698803
525797378 107234534
332856949 80489162
804156429 525415413
719204490 681323056
82270433 254791354
636564409 211619525
5804526 32690679
507758353 603789546
971639782 722918316
788544741 912132672
288114362 154818332
781135045 104084393
427630490 187772615
559890306 202885446
262298872 588171885
743727917 805638774
804631172 867267856
45836055 23330780
660693296 272469745
480233425 419091800
436208429 85474193
29482796 288812556
887359979 863895984
228181561 701843544
546494491 98274641
401265481 894173661
884987311 413235123
570916334 856985469
729774040 142931288
636929271 15665496
68093703 98064897
85066871 443896015
293732076 877078191
931592637 850522243
197856888 960560546
380146012 917667414
352363485 478368861
261874980 928287592
820249740 241562527
607428134 603360795
273904949 443956586
394646195 582974479
610520010 820342015
420721756 341170213
216038267 90565855
811878898 332812926
817900730 194036938
485759878 653864060
46321976 238607299
993606761 56976575
295064037 525670409
12193068 913390889
830476531 631974174
922067873 746826970
270086098 122506179
625721559 362421299
377158964 619209208
898653473 544063189
694607625 652829440
402583566 452586402
672223876 590336858
110867057 8627898
732715539 170972872
446096986 882980735
139691881 636424267
944228634 494224017
514889079 426423844
33953602 578366929
216378989 765687764
792279715 326575200
341862845 481580571
749348430 786975904
784642584 551363836
425478292 650805297
692477294 789256118
617009414 689926132
558749937 329674443
341791862 221286411
61276433 617015804
912232691 253000150
500511616 294438473
222683599 779021303
301750574 327125493
669940124 941709901
930558541 715975807
417087018 970544123
715577422 424866985
810950281 682552162
159638497 537532020
171988748 938313762
714316024 791542049
875742019 976814364
882128579 117400368
21199359 802126961
637226932 537112676
428743505 35288451
602749819 846730172
495351946 133896434
901485834 914400122
483021883 735267487
945654930 338271519
474843702 726618540
105099651 411697004
984269706 249095801
992535183 287726177
413375625 404115623
437285798 812857665
202551493 590812440
208713210 202816139
442474765 384286188
287851515 491598337
899213684 820988036
464852316 56183972
567205194 754185090
122798347 241456820
186066720 916766406
367500091 830844340
975997639 107749233
731490653 912149091
346459472 709174757
820423714 878444740
102021388 196902338
651764602 74251286
234562956 651192809
25080470 438421210
441226145 731395708
286894056 436712659
106601308 804825819
729202977 533394177
900587023 839093159
161718065 820532132
483199561 731991234
27419722 608804926
307805661 878169420
967551964 78719376
335972314 896084902
746045593 798536603
651471507 619816817
889690226 455899551
419292568 239902095
800483479 999968287
775806393 919075873
907960186 813147866
154518793 626807942
716157131 747017938
896533208 664571233
171664764 656540232
236579255 696053906
681179582 801491133
89165687 304091963
663412481 225004786
373190442 128812988
260620278 520405223
949433631 741642678
113766032 253904862
824862440 36054027
318149629 256663641
544405335 266313434
273563825 773269014
846286971 654660999
107159131 429584409
307777447 593728688
908469740 120403618
645202283 200028728
800488854 775751473
318495639 882558271
120551626 215370888
631627070 213691943
319405624 844286632
169519280 471235728
660249554 889481938
555723134 121365851
435456713 920137607
630342777 44409001
145607565 344801928
141190578 867141596
814692815 97849045
556352635 508254612
471292033 431388848
563002211 689899443
894473684 729920922
635081788 612582233
776707896 605509716
746246168 594347751
485041503 240292063
893721926 909221886
980330554 236703355
739516249 693662080
810566905 694364075
743552801 865534861
618665997 528272942
378938543 313646983
932592936 459663110
279416659 658485261
38969147 447221364
310877600 849357059
923774583 544307192
721855334 788177799
4781132 916622933
724306870 495567868
662559083 906756490
155104482 179418114
557651910 60614873
595757689 21178490
450188942 931396803
7963469 514385286
678221363 619117321
226042224 270062214
493018727 839782572
378739249 68950556
708367898 511394796
37022243 681992743
523971454 466116171
754720021 637098954
97220100 807763594
4961818 63980902
782374492 577178282
832212866 702324890
106626680 20780012
565826782 182057033
476541832 754272977
624254719 895905940
591946238 354507033
824467446 542078683
618254730 798640582
104027924 473790399
944903966 336377625
673331946 166497569
8542955 279098515
324831049 204263971
251763809 85938933
957437251 789725989
872128050 574119488
564366119 523436488
919160398 900406196
632304776 861508334
382266343 455461331
349227061 36886199
338486126 686746206
967081025 573355140
166655123 46151254
870989307 125731575
708576327 606502396
416805878 11404272
439067325 158529232
966896130 329845392
742797667 345520021
561858352 554524985
7689453 93688394
887077329 626086795
783404362 69341233
645831030 284895847
803040683 894815691
64458481 286242287
751353474 936268504
307460689 335738755
576731008 734941787
684910824 408913348
312863637 986106515
100020040 709333651
179413747 690095362
274526528 817307922
232995595 483712105
453221859 486170530
605537933 383189193
52215168 674423778
576686954 236923235
736404906 59428021
452636372 197698231
551427377 982405691
540540732 497730696
928994342 549248982
29546578 961866197
917788634 967252006
8829192 571847392
361783006 899657484
791547791 903880490
635587843 326987690
183319895 46591347
295590234 683572320
474384146 396536766
890260021 129488079
59285680 235230538
612604707 122246616
379789155 755288729
135813366 739808157
320696219 6791020
487413696 309927295
324709130 999704772
831296721 631954973
116114080 516417761
495957689 192354138
747590799 16990022
813593419 401961558
526577224 495336626
431121303 318102387
692219003 186907431
938886126 388294224
405722906 482209254
326067169 665851857
491658582 838049647
328222273 124010516
336006559 710753669
817109279 156240508
473315238 608349991
632984524 551779241
441038429 379988632
770799834 250150269
482963445 967436631
855799320 748601111
414602206 786698277
473552536 101449435
920236746 632892677
450060460 598112359
132504746 253941047
953376228 206022814
571275438 694994235
83296016 263610784
855631175 536439507
44137539 140585167
274873896 108713216
197520589 484154058
377663039 999190019
341339967 611472756
835820992 875527517
380396394 840625646
799004698 586435022
743880799 13660312
575080446 935152472
786839663 100989203
188405598 226500413
131558699 259718720
155730795 528910844
553616229 641328193
669503125 370665302
558211372 879076470
786451598 404293198
117809107 315287424
611951174 738545443
623219177 279854401
833679855 13303128
556411713 576209625
96263930 842266540
439170795 132844202
391551511 902410273
465999159 566520915
95970104 217674232
891319736 856622775
177765773 649551793
275370302 655015415
752488840 287735567
611677146 785946994
694718681 645457681
738070749 406094796
440968818 729717753
742016217 15082211
741180548 846297416
852555165 544301530
531992703 195142590
513966139 603271953
226550037 143773534
200563461 137262121
143324726 320446311
936562058 529943044
835021076 139545180
884877981 647459010
500168736 21083132
691275341 569926084
462157066 761024841
593916909 523043244
768030915 797719171
39692301 770200154
56189822 988326189
543886462 971981039
179670185 889368070
755069521 234924493
374817016 981935376
431310295 305232020
488853082 714472332
809668257 166692901
203366400 393646075
634007936 161061537
737567837 234043422
485261445 603860842
996862751 852557045
642117890 398078753
474912057 583532227
203219846 477353381
853739228 321760007
89855460 540614169
728357241 441567363
548250923 397944542
206927296 251102520
426553774 928633747
468779938 497280614
419375869 912531739
554763858 434930320
911496681 683899286
869526590 634467701
606600323 989962342
768088858 192069143
690571804 714859563
955574740 89877175
775393605 405583046
254050464 920739542
327812047 134116697
495213293 443819317
707414219 923539524
308168557 191768020
657066634 864289064
214453264 256307189
33299102 530278630
427922440 706447897
187475414 342015904
230520773 82209793
784867397 211755190
944122617 441475246
426185530 163271882
456596117 171957857
487570760 851195324
973056201 34310810
671268927 48762029
143783174 86037019
867359536 207138815
735541759 642690277
100943979 675663185
916808098 194595385
630076291 970043783
829354275 604368024
779194697 675620031
732261617 796732866
251032524 498480220
68702397 137919162
366270558 892714238
566944634 931278271
686264208 255589511
741235542 686165587
736288564 90176022
501416901 257591607
837602905 955081231
733167989 117625452
859986 410411536
24774746 504350514
143319470 381127420
634507683 350511627
348523072 686626547
422646722 245790393
73086744 704634198
726310503 797926971
67409799 390588615
825872516 322296530
616498718 892456742
150490697 931699713
525578414 165596565
677922088 297497736
619299400 832476788
10594769 30066279
74456381 883485540
879064118 654976736
424506142 748579654
506960264 578893428
852361916 136342076
14124599 337367268
502997033 515617190
481747957 131707696
515858100 561807909
991536051 667738523
11792624 396584347
520462753 40963492
674135213 444712232
693905712 282312205
874448635 693625645
157333778 48030935
320020013 584317260
949603640 309128003
845154771 848345189
12934354 50073041
508707518 588775066
243081810 971084868
55279359 324606282
368726377 362372507
757253607 149615384
945677063 454069784
465462279 530084325
876408669 871387452
164278065 449602768
408560093 246342600
730659444 763348028
956448568 681398204
105191970 146305482
406331230 516981339
876129229 324602458
55365505 206903844
421879364 140039693
402608658 128057561
49279898 453449284
14331073 592125307
409112863 512667041
277938304 320013387
123442020 853900292
174515583 400143049
678970937 545702542
895364400 939598264
359251121 407176608
412388419 939057943
946714908 648915164
254173866 35193384
242394892 222780195
565311382 786721644
253844304 65372308
565510007 133748387
805452282 756642962
795601406 136756944
327497819 855329214
110669854 611289650
332146437 591274487
564234757 752056395
686890951 831345248
479185703 541676508
249897908 633123161
624050227 596306150
69290780 68643460
250679067 605586090
953659791 891860161
936125711 615344040
151145440 73947185
206461568 569522082
668855327 18108982
420172065 393242010
953886109 395650928
889933793 183364559
263091435 745798080
971660017 5779906
675289050 508736072
719475139 758103606
18596732 805036903
860626184 614065450
985176096 699373249
621295792 834974689
13305688 403082036
24708589 139461850
946326006 754843875
493652271 101202903
33713673 486532910
500333608 898665944
972728548 798512823
590629321 453444384
723945751 832648542
39076930 578683694
822164594 624921668
401679620 425411269
910379528 488675274
912082114 19832292
89080361 917992850
146893675 432828365
910266982 377007228
957863472 218994432
768711056 549428906
92081027 291221312
703151544 580090236
722854677 341971340
70053936 530994067
654882774 843607590
37520775 952386256
766226423 178619023
444257679 361175637
675217643 670481288
976948570 593371778
824639329 568036626
458320183 548800249
490788170 872126573
378670777 101552794
636037080 799402012
663905968 901426566
999870844 313201630
346005292 151116574
259768806 502495413
8570240 739592196
918564360 471574242
156840508 862538776
111587858 52150245
938595633 714861180
155470198 24327809
758237552 288304527
726875876 240401589
752570187 549522165
288723023 565720515
958541905 706632588
773197541 670637612
77134676 955749239
712053017 24031153
737820262 449175574
90585244 878190419
642145494 38771722
821540959 52072274
110128439 349895989
879221906 572995376
937595224 28221623
376274086 378384815
575472716 893710577
277529933 64587470
509537379 485686661
374721144 27333582
680494382 385486675
468274519 393677618
306235774 404575357
255462492 452077241
109304164 40600674
124657464 536385894
778513969 676609445
778870491 709625720
44058742 512824359
557192054 227783793
983671812 629719303
879239292 507405073
994194925 120374952
821889691 921379675
495060096 502271659
921078215 94139022
201976143 857937903
92072239 756313900
861716780 440915607
144484164 793349878
40289319 731017732
456723896 316004077
885580176 799635669
798715772 373413202
232918522 329982189
375622848 509784998
107439413 389753197
207397110 690272937
816985170 707054772
242371278 301984861
682485154 920490597
54492218 791668739
697240246 821863265
718102635 927298588
115128927 996849607
235114449 783541353
395325103 964151034
531104797 581535722
695244533 314989979
344298562 22767329
456837572 733449097
675061359 592014544
646373099 346468327
704483349 556615286
611742077 505345813
174390758 793773524
830781385 770026677
604127699 46415917
123188066 974025639
596656396 644033025
996272408 274582540
751479299 915345168
99437820 297205062
621569640 365291100
578952799 154784757
809646893 810348070
721515474 821526010
699825282 571869679
534923046 155780214
394884057 214609015
549686636 959515595
205462499 886301633
141459702 883705242
747138704 623590156
651138899 821140674
802050834 934786266
630496597 708775270
575156697 724287212
450498830 643645670
970052759 665406019
102351310 731065828
733273149 706359071
227763237 206581824
482106619 578589955
312381414 747574555
599045699 711293614
954304545 851998934
634904773 657620002
150000423 140857619
70430835 130072224
454737033 910195378
388896381 286089385
216320280 86276053
194949973 581702141
549114085 396682716
122001580 196510111
900109121 319102312
559694194 697238990
974410942 186887258
267611609 174802444
79157547 711310292
761354065 145782554
460330394 748356662
757294732 379998456
522791005 398338338
821058938 256462569
78493444 922555768
405156173 437504876
73286239 459390297
294562934 127799875
786993793 16485926
342607013 521263215
608808122 752295553
192257740 440284721
941845915 860939850
789013275 194779402
714059509 755651235
593517828 942217146
241342937 90793451
989406520 664803908
744954008 903353285
733379495 808314343
957016259 617877778
341958530 509817637
860938028 244872178
226094908 607690687
435549666 560069062
956029059 469254837
939056696 177143087
660156491 331738186
31870653 331526671
149956803 48948733
494406468 31639430
678303068 877707920
277565661 221487093
870328521 832371716
946423256 98238206
689644792 716161946
901982664 368596353
32684829 221560274
683726205 178381215
621182886 240641135
329041160 641222330
453323335 68950640
163818938 865043826
698322927 79548951
765739557 890402217
398339791 530328293
439515160 591645822
436871770 763139483
523574949 388416084
14676286 910394937
934357022 470198476
813921135 809824258
186323986 220140229
64882204 101225333
614357332 407056482
216344502 471311956
982691315 234019588
835881455 545754016
431190338 531367242
281590712 198016409
338159569 813451543
98963265 563381186
20256625 803553676
751672828 652427994
688014643 180594440
106959001 291270884
610688872 541379374
85488394 414764319
6234017 866980063
981614720 109571596
536020143 400269370
279088491 742556526
129847459 293960866
620340605 852092997
62842063 74222263
74958758 647932113
95643586 735494747
626410520 470603924
556108111 281630894
991185475 421100111
237073029 871713297
418530009 320982019
8285111 163854374
676543947 263740656
826414197 520962509
561970249 177931673
184426896 550613799
795028165 398130621
552735000 947122582
100669167 453501534
888612960 646943162
179747257 425146813
378155513 266542964
634999123 619107163
710588850 709025253
300243759 516783097
980266141 460622703
877644286 660702615
368398603 267607474
568725424 597148023
117670030 682973584
713370487 35062810
851082741 30777641
542642627 950041409
111417171 540259806
816086598 281246701
402532343 230447697
351918577 437802079
950695540 292771425
449661684 571321367
95785626 115518258
904427713 255169495
921008505 47981346
661783560 214540192
672837988 77229524
759579835 161327283
244807147 398736936
734937098 542429585
373377503 164161088
429929575 918823419
244791634 948126588
822074243 287665393
115337107 552104573
108955214 128652981
835645236 474549028
486877434 652133576
76602375 550645395
151186679 618015211
11649819 201806122
553814775 524091935
217725635 642963083
893652202 268191908
823724174 17136021
4
1 1
1000000000 1
1 2
1000000000 2
4
1 1
1 1000000000
2 1
2 1000000000
1000
1000000 1
2000000 1
3000000 1
4000000 1
5000000 1
6000000 1
7000000 1
8000000 1
9000000 1
10000000 1
11000000 1
12000000 1
13000000 1
14000000 1
15000000 1
16000000 1
17000000 1
18000000 1
19000000 1
20000000 1
21000000 1
22000000 1
23000000 1
24000000 1
25000000 1
26000000 1
27000000 1
28000000 1
29000000 1
30000000 1
31000000 1
32000000 1
33000000 1
34000000 1
35000000 1
36000000 1
37000000 1
38000000 1
39000000 1
40000000 1
41000000 1
42000000 1
43000000 1
44000000 1
45000000 1
46000000 1
47000000 1
48000000 1
49000000 1
50000000 1
51000000 1
52000000 1
53000000 1
54000000 1
55000000 1
56000000 1
57000000 1
58000000 1
59000000 1
60000000 1
61000000 1
62000000 1
63000000 1
64000000 1
65000000 1
66000000 1
67000000 1
68000000 1
69000000 1
70000000 1
71000000 1
72000000 1
73000000 1
74000000 1
75000000 1
76000000 1
77000000 1
78000000 1
79000000 1
80000000 1
81000000 1
82000000 1
83000000 1
84000000 1
85000000 1
86000000 1
87000000 1
88000000 1
89000000 1
90000000 1
91000000 1
92000000 1
93000000 1
94000000 1
95000000 1
96000000 1
97000000 1
98000000 1
99000000 1
100000000 1
101000000 1
102000000 1
103000000 1
104000000 1
105000000 1
106000000 1
107000000 1
108000000 1
109000000 1
110000000 1
111000000 1
112000000 1
113000000 1
114000000 1
115000000 1
116000000 1
117000000 1
118000000 1
119000000 1
120000000 1
121000000 1
122000000 1
123000000 1
124000000 1
125000000 1
126000000 1
127000000 1
128000000 1
129000000 1
130000000 1
131000000 1
132000000 1
133000000 1
134000000 1
135000000 1
136000000 1
137000000 1
138000000 1
139000000 1
140000000 1
141000000 1
142000000 1
143000000 1
144000000 1
145000000 1
146000000 1
147000000 1
148000000 1
149000000 1
150000000 1
151000000 1
152000000 1
153000000 1
154000000 1
155000000 1
156000000 1
157000000 1
158000000 1
159000000 1
160000000 1
161000000 1
162000000 1
163000000 1
164000000 1
165000000 1
166000000 1
167000000 1
168000000 1
169000000 1
170000000 1
171000000 1
172000000 1
173000000 1
174000000 1
175000000 1
176000000 1
177000000 1
178000000 1
179000000 1
180000000 1
181000000 1
182000000 1
183000000 1
184000000 1
185000000 1
186000000 1
187000000 1
188000000 1
189000000 1
190000000 1
191000000 1
192000000 1
193000000 1
194000000 1
195000000 1
196000000 1
197000000 1
198000000 1
199000000 1
200000000 1
201000000 1
202000000 1
203000000 1
204000000 1
205000000 1
206000000 1
207000000 1
208000000 1
209000000 1
210000000 1
211000000 1
212000000 1
213000000 1
214000000 1
215000000 1
216000000 1
217000000 1
218000000 1
219000000 1
220000000 1
221000000 1
222000000 1
223000000 1
224000000 1
225000000 1
226000000 1
227000000 1
228000000 1
229000000 1
230000000 1
231000000 1
232000000 1
233000000 1
234000000 1
235000000 1
236000000 1
237000000 1
238000000 1
239000000 1
240000000 1
241000000 1
242000000 1
243000000 1
244000000 1
245000000 1
246000000 1
247000000 1
248000000 1
249000000 1
250000000 1
251000000 1
252000000 1
253000000 1
254000000 1
255000000 1
256000000 1
257000000 1
258000000 1
259000000 1
260000000 1
261000000 1
262000000 1
263000000 1
264000000 1
265000000 1
266000000 1
267000000 1
268000000 1
269000000 1
270000000 1
271000000 1
272000000 1
273000000 1
274000000 1
275000000 1
276000000 1
277000000 1
278000000 1
279000000 1
280000000 1
281000000 1
282000000 1
283000000 1
284000000 1
285000000 1
286000000 1
287000000 1
288000000 1
289000000 1
290000000 1
291000000 1
292000000 1
293000000 1
294000000 1
295000000 1
296000000 1
297000000 1
298000000 1
299000000 1
300000000 1
301000000 1
302000000 1
303000000 1
304000000 1
305000000 1
306000000 1
307000000 1
308000000 1
309000000 1
310000000 1
311000000 1
312000000 1
313000000 1
314000000 1
315000000 1
316000000 1
317000000 1
318000000 1
319000000 1
320000000 1
321000000 1
322000000 1
323000000 1
324000000 1
325000000 1
326000000 1
327000000 1
328000000 1
329000000 1
330000000 1
331000000 1
332000000 1
333000000 1
334000000 1
335000000 1
336000000 1
337000000 1
338000000 1
339000000 1
340000000 1
341000000 1
342000000 1
343000000 1
344000000 1
345000000 1
346000000 1
347000000 1
348000000 1
349000000 1
350000000 1
351000000 1
352000000 1
353000000 1
354000000 1
355000000 1
356000000 1
357000000 1
358000000 1
359000000 1
360000000 1
361000000 1
362000000 1
363000000 1
364000000 1
365000000 1
366000000 1
367000000 1
368000000 1
369000000 1
370000000 1
371000000 1
372000000 1
373000000 1
374000000 1
375000000 1
376000000 1
377000000 1
378000000 1
379000000 1
380000000 1
381000000 1
382000000 1
383000000 1
384000000 1
385000000 1
386000000 1
387000000 1
388000000 1
389000000 1
390000000 1
391000000 1
392000000 1
393000000 1
394000000 1
395000000 1
396000000 1
397000000 1
398000000 1
399000000 1
400000000 1
401000000 1
402000000 1
403000000 1
404000000 1
405000000 1
406000000 1
407000000 1
408000000 1
409000000 1
410000000 1
411000000 1
412000000 1
413000000 1
414000000 1
415000000 1
416000000 1
417000000 1
418000000 1
419000000 1
420000000 1
421000000 1
422000000 1
423000000 1
424000000 1
425000000 1
426000000 1
427000000 1
428000000 1
429000000 1
430000000 1
431000000 1
432000000 1
433000000 1
434000000 1
435000000 1
436000000 1
437000000 1
438000000 1
439000000 1
440000000 1
441000000 1
442000000 1
443000000 1
444000000 1
445000000 1
446000000 1
447000000 1
448000000 1
449000000 1
450000000 1
451000000 1
452000000 1
453000000 1
454000000 1
455000000 1
456000000 1
457000000 1
458000000 1
459000000 1
460000000 1
461000000 1
462000000 1
463000000 1
464000000 1
465000000 1
466000000 1
467000000 1
468000000 1
469000000 1
470000000 1
471000000 1
472000000 1
473000000 1
474000000 1
475000000 1
476000000 1
477000000 1
478000000 1
479000000 1
480000000 1
481000000 1
482000000 1
483000000 1
484000000 1
485000000 1
486000000 1
487000000 1
488000000 1
489000000 1
490000000 1
491000000 1
492000000 1
493000000 1
494000000 1
495000000 1
496000000 1
497000000 1
498000000 1
499000000 1
500000000 1
501000000 1
502000000 1
503000000 1
504000000 1
505000000 1
506000000 1
507000000 1
508000000 1
509000000 1
510000000 1
511000000 1
512000000 1
513000000 1
514000000 1
515000000 1
516000000 1
517000000 1
518000000 1
519000000 1
520000000 1
521000000 1
522000000 1
523000000 1
524000000 1
525000000 1
526000000 1
527000000 1
528000000 1
529000000 1
530000000 1
531000000 1
532000000 1
533000000 1
534000000 1
535000000 1
536000000 1
537000000 1
538000000 1
539000000 1
540000000 1
541000000 1
542000000 1
543000000 1
544000000 1
545000000 1
546000000 1
547000000 1
548000000 1
549000000 1
550000000 1
551000000 1
552000000 1
553000000 1
554000000 1
555000000 1
556000000 1
557000000 1
558000000 1
559000000 1
560000000 1
561000000 1
562000000 1
563000000 1
564000000 1
565000000 1
566000000 1
567000000 1
568000000 1
569000000 1
570000000 1
571000000 1
572000000 1
573000000 1
574000000 1
575000000 1
576000000 1
577000000 1
578000000 1
579000000 1
580000000 1
581000000 1
582000000 1
583000000 1
584000000 1
585000000 1
586000000 1
587000000 1
588000000 1
589000000 1
590000000 1
591000000 1
592000000 1
593000000 1
594000000 1
595000000 1
596000000 1
597000000 1
598000000 1
599000000 1
600000000 1
601000000 1
602000000 1
603000000 1
604000000 1
605000000 1
606000000 1
607000000 1
608000000 1
609000000 1
610000000 1
611000000 1
612000000 1
613000000 1
614000000 1
615000000 1
616000000 1
617000000 1
618000000 1
619000000 1
620000000 1
621000000 1
622000000 1
623000000 1
624000000 1
625000000 1
626000000 1
627000000 1
628000000 1
629000000 1
630000000 1
631000000 1
632000000 1
633000000 1
634000000 1
635000000 1
636000000 1
637000000 1
638000000 1
639000000 1
640000000 1
641000000 1
642000000 1
643000000 1
644000000 1
645000000 1
646000000 1
647000000 1
648000000 1
649000000 1
650000000 1
651000000 1
652000000 1
653000000 1
654000000 1
655000000 1
656000000 1
657000000 1
658000000 1
659000000 1
660000000 1
661000000 1
662000000 1
663000000 1
664000000 1
665000000 1
666000000 1
667000000 1
668000000 1
669000000 1
670000000 1
671000000 1
672000000 1
673000000 1
674000000 1
675000000 1
676000000 1
677000000 1
678000000 1
679000000 1
680000000 1
681000000 1
682000000 1
683000000 1
684000000 1
685000000 1
686000000 1
687000000 1
688000000 1
689000000 1
690000000 1
691000000 1
692000000 1
693000000 1
694000000 1
695000000 1
696000000 1
697000000 1
698000000 1
699000000 1
700000000 1
701000000 1
702000000 1
703000000 1
704000000 1
705000000 1
706000000 1
707000000 1
708000000 1
709000000 1
710000000 1
711000000 1
712000000 1
713000000 1
714000000 1
715000000 1
716000000 1
717000000 1
718000000 1
719000000 1
720000000 1
721000000 1
722000000 1
723000000 1
724000000 1
725000000 1
726000000 1
727000000 1
728000000 1
729000000 1
730000000 1
731000000 1
732000000 1
733000000 1
734000000 1
735000000 1
736000000 1
737000000 1
738000000 1
739000000 1
740000000 1
741000000 1
742000000 1
743000000 1
744000000 1
745000000 1
746000000 1
747000000 1
748000000 1
749000000 1
750000000 1
751000000 1
752000000 1
753000000 1
754000000 1
755000000 1
756000000 1
757000000 1
758000000 1
759000000 1
760000000 1
761000000 1
762000000 1
763000000 1
764000000 1
765000000 1
766000000 1
767000000 1
768000000 1
769000000 1
770000000 1
771000000 1
772000000 1
773000000 1
774000000 1
775000000 1
776000000 1
777000000 1
778000000 1
779000000 1
780000000 1
781000000 1
782000000 1
783000000 1
784000000 1
785000000 1
786000000 1
787000000 1
788000000 1
789000000 1
790000000 1
791000000 1
792000000 1
793000000 1
794000000 1
795000000 1
796000000 1
797000000 1
798000000 1
799000000 1
800000000 1
801000000 1
802000000 1
803000000 1
804000000 1
805000000 1
806000000 1
807000000 1
808000000 1
809000000 1
810000000 1
811000000 1
812000000 1
813000000 1
814000000 1
815000000 1
816000000 1
817000000 1
818000000 1
819000000 1
820000000 1
821000000 1
822000000 1
823000000 1
824000000 1
825000000 1
826000000 1
827000000 1
828000000 1
829000000 1
830000000 1
831000000 1
832000000 1
833000000 1
834000000 1
835000000 1
836000000 1
837000000 1
838000000 1
839000000 1
840000000 1
841000000 1
842000000 1
843000000 1
844000000 1
845000000 1
846000000 1
847000000 1
848000000 1
849000000 1
850000000 1
851000000 1
852000000 1
853000000 1
854000000 1
855000000 1
856000000 1
857000000 1
858000000 1
859000000 1
860000000 1
861000000 1
862000000 1
863000000 1
864000000 1
865000000 1
866000000 1
867000000 1
868000000 1
869000000 1
870000000 1
871000000 1
872000000 1
873000000 1
874000000 1
875000000 1
876000000 1
877000000 1
878000000 1
879000000 1
880000000 1
881000000 1
882000000 1
883000000 1
884000000 1
885000000 1
886000000 1
887000000 1
888000000 1
889000000 1
890000000 1
891000000 1
892000000 1
893000000 1
894000000 1
895000000 1
896000000 1
897000000 1
898000000 1
899000000 1
900000000 1
901000000 1
902000000 1
903000000 1
904000000 1
905000000 1
906000000 1
907000000 1
908000000 1
909000000 1
910000000 1
911000000 1
912000000 1
913000000 1
914000000 1
915000000 1
916000000 1
917000000 1
918000000 1
919000000 1
920000000 1
921000000 1
922000000 1
923000000 1
924000000 1
925000000 1
926000000 1
927000000 1
928000000 1
929000000 1
930000000 1
931000000 1
932000000 1
933000000 1
934000000 1
935000000 1
936000000 1
937000000 1
938000000 1
939000000 1
940000000 1
941000000 1
942000000 1
943000000 1
944000000 1
945000000 1
946000000 1
947000000 1
948000000 1
949000000 1
950000000 1
951000000 1
952000000 1
953000000 1
954000000 1
955000000 1
956000000 1
957000000 1
958000000 1
959000000 1
960000000 1
961000000 1
962000000 1
963000000 1
964000000 1
965000000 1
966000000 1
967000000 1
968000000 1
969000000 1
970000000 1
971000000 1
972000000 1
973000000 1
974000000 1
975000000 1
976000000 1
977000000 1
978000000 1
979000000 1
980000000 1
981000000 1
982000000 1
983000000 1
984000000 1
985000000 1
986000000 1
987000000 1
988000000 1
989000000 1
990000000 1
991000000 1
992000000 1
993000000 1
994000000 1
995000000 1
996000000 1
997000000 1
998000000 1
999000000 1
1000000000 1
1000
1 1000000
1 2000000
1 3000000
1 4000000
1 5000000
1 6000000
1 7000000
1 8000000
1 9000000
1 10000000
1 11000000
1 12000000
1 13000000
1 14000000
1 15000000
1 16000000
1 17000000
1 18000000
1 19000000
1 20000000
1 21000000
1 22000000
1 23000000
1 24000000
1 25000000
1 26000000
1 27000000
1 28000000
1 29000000
1 30000000
1 31000000
1 32000000
1 33000000
1 34000000
1 35000000
1 36000000
1 37000000
1 38000000
1 39000000
1 40000000
1 41000000
1 42000000
1 43000000
1 44000000
1 45000000
1 46000000
1 47000000
1 48000000
1 49000000
1 50000000
1 51000000
1 52000000
1 53000000
1 54000000
1 55000000
1 56000000
1 57000000
1 58000000
1 59000000
1 60000000
1 61000000
1 62000000
1 63000000
1 64000000
1 65000000
1 66000000
1 67000000
1 68000000
1 69000000
1 70000000
1 71000000
1 72000000
1 73000000
1 74000000
1 75000000
1 76000000
1 77000000
1 78000000
1 79000000
1 80000000
1 81000000
1 82000000
1 83000000
1 84000000
1 85000000
1 86000000
1 87000000
1 88000000
1 89000000
1 90000000
1 91000000
1 92000000
1 93000000
1 94000000
1 95000000
1 96000000
1 97000000
1 98000000
1 99000000
1 100000000
1 101000000
1 102000000
1 103000000
1 104000000
1 105000000
1 106000000
1 107000000
1 108000000
1 109000000
1 110000000
1 111000000
1 112000000
1 113000000
1 114000000
1 115000000
1 116000000
1 117000000
1 118000000
1 119000000
1 120000000
1 121000000
1 122000000
1 123000000
1 124000000
1 125000000
1 126000000
1 127000000
1 128000000
1 129000000
1 130000000
1 131000000
1 132000000
1 133000000
1 134000000
1 135000000
1 136000000
1 137000000
1 138000000
1 139000000
1 140000000
1 141000000
1 142000000
1 143000000
1 144000000
1 145000000
1 146000000
1 147000000
1 148000000
1 149000000
1 150000000
1 151000000
1 152000000
1 153000000
1 154000000
1 155000000
1 156000000
1 157000000
1 158000000
1 159000000
1 160000000
1 161000000
1 162000000
1 163000000
1 164000000
1 165000000
1 166000000
1 167000000
1 168000000
1 169000000
1 170000000
1 171000000
1 172000000
1 173000000
1 174000000
1 175000000
1 176000000
1 177000000
1 178000000
1 179000000
1 180000000
1 181000000
1 182000000
1 183000000
1 184000000
1 185000000
1 186000000
1 187000000
1 188000000
1 189000000
1 190000000
1 191000000
1 192000000
1 193000000
1 194000000
1 195000000
1 196000000
1 197000000
1 198000000
1 199000000
1 200000000
1 201000000
1 202000000
1 203000000
1 204000000
1 205000000
1 206000000
1 207000000
1 208000000
1 209000000
1 210000000
1 211000000
1 212000000
1 213000000
1 214000000
1 215000000
1 216000000
1 217000000
1 218000000
1 219000000
1 220000000
1 221000000
1 222000000
1 223000000
1 224000000
1 225000000
1 226000000
1 227000000
1 228000000
1 229000000
1 230000000
1 231000000
1 232000000
1 233000000
1 234000000
1 235000000
1 236000000
1 237000000
1 238000000
1 239000000
1 240000000
1 241000000
1 242000000
1 243000000
1 244000000
1 245000000
1 246000000
1 247000000
1 248000000
1 249000000
1 250000000
1 251000000
1 252000000
1 253000000
1 254000000
1 255000000
1 256000000
1 257000000
1 258000000
1 259000000
1 260000000
1 261000000
1 262000000
1 263000000
1 264000000
1 265000000
1 266000000
1 267000000
1 268000000
1 269000000
1 270000000
1 271000000
1 272000000
1 273000000
1 274000000
1 275000000
1 276000000
1 277000000
1 278000000
1 279000000
1 280000000
1 281000000
1 282000000
1 283000000
1 284000000
1 285000000
1 286000000
1 287000000
1 288000000
1 289000000
1 290000000
1 291000000
1 292000000
1 293000000
1 294000000
1 295000000
1 296000000
1 297000000
1 298000000
1 299000000
1 300000000
1 301000000
1 302000000
1 303000000
1 304000000
1 305000000
1 306000000
1 307000000
1 308000000
1 309000000
1 310000000
1 311000000
1 312000000
1 313000000
1 314000000
1 315000000
1 316000000
1 317000000
1 318000000
1 319000000
1 320000000
1 321000000
1 322000000
1 323000000
1 324000000
1 325000000
1 326000000
1 327000000
1 328000000
1 329000000
1 330000000
1 331000000
1 332000000
1 333000000
1 334000000
1 335000000
1 336000000
1 337000000
1 338000000
1 339000000
1 340000000
1 341000000
1 342000000
1 343000000
1 344000000
1 345000000
1 346000000
1 347000000
1 348000000
1 349000000
1 350000000
1 351000000
1 352000000
1 353000000
1 354000000
1 355000000
1 356000000
1 357000000
1 358000000
1 359000000
1 360000000
1 361000000
1 362000000
1 363000000
1 364000000
1 365000000
1 366000000
1 367000000
1 368000000
1 369000000
1 370000000
1 371000000
1 372000000
1 373000000
1 374000000
1 375000000
1 376000000
1 377000000
1 378000000
1 379000000
1 380000000
1 381000000
1 382000000
1 383000000
1 384000000
1 385000000
1 386000000
1 387000000
1 388000000
1 389000000
1 390000000
1 391000000
1 392000000
1 393000000
1 394000000
1 395000000
1 396000000
1 397000000
1 398000000
1 399000000
1 400000000
1 401000000
1 402000000
1 403000000
1 404000000
1 405000000
1 406000000
1 407000000
1 408000000
1 409000000
1 410000000
1 411000000
1 412000000
1 413000000
1 414000000
1 415000000
1 416000000
1 417000000
1 418000000
1 419000000
1 420000000
1 421000000
1 422000000
1 423000000
1 424000000
1 425000000
1 426000000
1 427000000
1 428000000
1 429000000
1 430000000
1 431000000
1 432000000
1 433000000
1 434000000
1 435000000
1 436000000
1 437000000
1 438000000
1 439000000
1 440000000
1 441000000
1 442000000
1 443000000
1 444000000
1 445000000
1 446000000
1 447000000
1 448000000
1 449000000
1 450000000
1 451000000
1 452000000
1 453000000
1 454000000
1 455000000
1 456000000
1 457000000
1 458000000
1 459000000
1 460000000
1 461000000
1 462000000
1 463000000
1 464000000
1 465000000
1 466000000
1 467000000
1 468000000
1 469000000
1 470000000
1 471000000
1 472000000
1 473000000
1 474000000
1 475000000
1 476000000
1 477000000
1 478000000
1 479000000
1 480000000
1 481000000
1 482000000
1 483000000
1 484000000
1 485000000
1 486000000
1 487000000
1 488000000
1 489000000
1 490000000
1 491000000
1 492000000
1 493000000
1 494000000
1 495000000
1 496000000
1 497000000
1 498000000
1 499000000
1 500000000
1 501000000
1 502000000
1 503000000
1 504000000
1 505000000
1 506000000
1 507000000
1 508000000
1 509000000
1 510000000
1 511000000
1 512000000
1 513000000
1 514000000
1 515000000
1 516000000
1 517000000
1 518000000
1 519000000
1 520000000
1 521000000
1 522000000
1 523000000
1 524000000
1 525000000
1 526000000
1 527000000
1 528000000
1 529000000
1 530000000
1 531000000
1 532000000
1 533000000
1 534000000
1 535000000
1 536000000
1 537000000
1 538000000
1 539000000
1 540000000
1 541000000
1 542000000
1 543000000
1 544000000
1 545000000
1 546000000
1 547000000
1 548000000
1 549000000
1 550000000
1 551000000
1 552000000
1 553000000
1 554000000
1 555000000
1 556000000
1 557000000
1 558000000
1 559000000
1 560000000
1 561000000
1 562000000
1 563000000
1 564000000
1 565000000
1 566000000
1 567000000
1 568000000
1 569000000
1 570000000
1 571000000
1 572000000
1 573000000
1 574000000
1 575000000
1 576000000
1 577000000
1 578000000
1 579000000
1 580000000
1 581000000
1 582000000
1 583000000
1 584000000
1 585000000
1 586000000
1 587000000
1 588000000
1 589000000
1 590000000
1 591000000
1 592000000
1 593000000
1 594000000
1 595000000
1 596000000
1 597000000
1 598000000
1 599000000
1 600000000
1 601000000
1 602000000
1 603000000
1 604000000
1 605000000
1 606000000
1 607000000
1 608000000
1 609000000
1 610000000
1 611000000
1 612000000
1 613000000
1 614000000
1 615000000
1 616000000
1 617000000
1 618000000
1 619000000
1 620000000
1 621000000
1 622000000
1 623000000
1 624000000
1 625000000
1 626000000
1 627000000
1 628000000
1 629000000
1 630000000
1 631000000
1 632000000
1 633000000
1 634000000
1 635000000
1 636000000
1 637000000
1 638000000
1 639000000
1 640000000
1 641000000
1 642000000
1 643000000
1 644000000
1 645000000
1 646000000
1 647000000
1 648000000
1 649000000
1 650000000
1 651000000
1 652000000
1 653000000
1 654000000
1 655000000
1 656000000
1 657000000
1 658000000
1 659000000
1 660000000
1 661000000
1 662000000
1 663000000
1 664000000
1 665000000
1 666000000
1 667000000
1 668000000
1 669000000
1 670000000
1 671000000
1 672000000
1 673000000
1 674000000
1 675000000
1 676000000
1 677000000
1 678000000
1 679000000
1 680000000
1 681000000
1 682000000
1 683000000
1 684000000
1 685000000
1 686000000
1 687000000
1 688000000
1 689000000
1 690000000
1 691000000
1 692000000
1 693000000
1 694000000
1 695000000
1 696000000
1 697000000
1 698000000
1 699000000
1 700000000
1 701000000
1 702000000
1 703000000
1 704000000
1 705000000
1 706000000
1 707000000
1 708000000
1 709000000
1 710000000
1 711000000
1 712000000
1 713000000
1 714000000
1 715000000
1 716000000
1 717000000
1 718000000
1 719000000
1 720000000
1 721000000
1 722000000
1 723000000
1 724000000
1 725000000
1 726000000
1 727000000
1 728000000
1 729000000
1 730000000
1 731000000
1 732000000
1 733000000
1 734000000
1 735000000
1 736000000
1 737000000
1 738000000
1 739000000
1 740000000
1 741000000
1 742000000
1 743000000
1 744000000
1 745000000
1 746000000
1 747000000
1 748000000
1 749000000
1 750000000
1 751000000
1 752000000
1 753000000
1 754000000
1 755000000
1 756000000
1 757000000
1 758000000
1 759000000
1 760000000
1 761000000
1 762000000
1 763000000
1 764000000
1 765000000
1 766000000
1 767000000
1 768000000
1 769000000
1 770000000
1 771000000
1 772000000
1 773000000
1 774000000
1 775000000
1 776000000
1 777000000
1 778000000
1 779000000
1 780000000
1 781000000
1 782000000
1 783000000
1 784000000
1 785000000
1 786000000
1 787000000
1 788000000
1 789000000
1 790000000
1 791000000
1 792000000
1 793000000
1 794000000
1 795000000
1 796000000
1 797000000
1 798000000
1 799000000
1 800000000
1 801000000
1 802000000
1 803000000
1 804000000
1 805000000
1 806000000
1 807000000
1 808000000
1 809000000
1 810000000
1 811000000
1 812000000
1 813000000
1 814000000
1 815000000
1 816000000
1 817000000
1 818000000
1 819000000
1 820000000
1 821000000
1 822000000
1 823000000
1 824000000
1 825000000
1 826000000
1 827000000
1 828000000
1 829000000
1 830000000
1 831000000
1 832000000
1 833000000
1 834000000
1 835000000
1 836000000
1 837000000
1 838000000
1 839000000
1 840000000
1 841000000
1 842000000
1 843000000
1 844000000
1 845000000
1 846000000
1 847000000
1 848000000
1 849000000
1 850000000
1 851000000
1 852000000
1 853000000
1 854000000
1 855000000
1 856000000
1 857000000
1 858000000
1 859000000
1 860000000
1 861000000
1 862000000
1 863000000
1 864000000
1 865000000
1 866000000
1 867000000
1 868000000
1 869000000
1 870000000
1 871000000
1 872000000
1 873000000
1 874000000
1 875000000
1 876000000
1 877000000
1 878000000
1 879000000
1 880000000
1 881000000
1 882000000
1 883000000
1 884000000
1 885000000
1 886000000
1 887000000
1 888000000
1 889000000
1 890000000
1 891000000
1 892000000
1 893000000
1 894000000
1 895000000
1 896000000
1 897000000
1 898000000
1 899000000
1 900000000
1 901000000
1 902000000
1 903000000
1 904000000
1 905000000
1 906000000
1 907000000
1 908000000
1 909000000
1 910000000
1 911000000
1 912000000
1 913000000
1 914000000
1 915000000
1 916000000
1 917000000
1 918000000
1 919000000
1 920000000
1 921000000
1 922000000
1 923000000
1 924000000
1 925000000
1 926000000
1 927000000
1 928000000
1 929000000
1 930000000
1 931000000
1 932000000
1 933000000
1 934000000
1 935000000
1 936000000
1 937000000
1 938000000
1 939000000
1 940000000
1 941000000
1 942000000
1 943000000
1 944000000
1 945000000
1 946000000
1 947000000
1 948000000
1 949000000
1 950000000
1 951000000
1 952000000
1 953000000
1 954000000
1 955000000
1 956000000
1 957000000
1 958000000
1 959000000
1 960000000
1 961000000
1 962000000
1 963000000
1 964000000
1 965000000
1 966000000
1 967000000
1 968000000
1 969000000
1 970000000
1 971000000
1 972000000
1 973000000
1 974000000
1 975000000
1 976000000
1 977000000
1 978000000
1 979000000
1 980000000
1 981000000
1 982000000
1 983000000
1 984000000
1 985000000
1 986000000
1 987000000
1 988000000
1 989000000
1 990000000
1 991000000
1 992000000
1 993000000
1 994000000
1 995000000
1 996000000
1 997000000
1 998000000
1 999000000
1 1000000000
1000
1 1
1000000000 1
1 2
1000000000 2
1 3
1000000000 3
1 4
1000000000 4
1 5
1000000000 5
1 6
1000000000 6
1 7
1000000000 7
1 8
1000000000 8
1 9
1000000000 9
1 10
1000000000 10
1 11
1000000000 11
1 12
1000000000 12
1 13
1000000000 13
1 14
1000000000 14
1 15
1000000000 15
1 16
1000000000 16
1 17
1000000000 17
1 18
1000000000 18
1 19
1000000000 19
1 20
1000000000 20
1 21
1000000000 21
1 22
1000000000 22
1 23
1000000000 23
1 24
1000000000 24
1 25
1000000000 25
1 26
1000000000 26
1 27
1000000000 27
1 28
1000000000 28
1 29
1000000000 29
1 30
1000000000 30
1 31
1000000000 31
1 32
1000000000 32
1 33
1000000000 33
1 34
1000000000 34
1 35
1000000000 35
1 36
1000000000 36
1 37
1000000000 37
1 38
1000000000 38
1 39
1000000000 39
1 40
1000000000 40
1 41
1000000000 41
1 42
1000000000 42
1 43
1000000000 43
1 44
1000000000 44
1 45
1000000000 45
1 46
1000000000 46
1 47
1000000000 47
1 48
1000000000 48
1 49
1000000000 49
1 50
1000000000 50
1 51
1000000000 51
1 52
1000000000 52
1 53
1000000000 53
1 54
1000000000 54
1 55
1000000000 55
1 56
1000000000 56
1 57
1000000000 57
1 58
1000000000 58
1 59
1000000000 59
1 60
1000000000 60
1 61
1000000000 61
1 62
1000000000 62
1 63
1000000000 63
1 64
1000000000 64
1 65
1000000000 65
1 66
1000000000 66
1 67
1000000000 67
1 68
1000000000 68
1 69
1000000000 69
1 70
1000000000 70
1 71
1000000000 71
1 72
1000000000 72
1 73
1000000000 73
1 74
1000000000 74
1 75
1000000000 75
1 76
1000000000 76
1 77
1000000000 77
1 78
1000000000 78
1 79
1000000000 79
1 80
1000000000 80
1 81
1000000000 81
1 82
1000000000 82
1 83
1000000000 83
1 84
1000000000 84
1 85
1000000000 85
1 86
1000000000 86
1 87
1000000000 87
1 88
1000000000 88
1 89
1000000000 89
1 90
1000000000 90
1 91
1000000000 91
1 92
1000000000 92
1 93
1000000000 93
1 94
1000000000 94
1 95
1000000000 95
1 96
1000000000 96
1 97
1000000000 97
1 98
1000000000 98
1 99
1000000000 99
1 100
1000000000 100
1 101
1000000000 101
1 102
1000000000 102
1 103
1000000000 103
1 104
1000000000 104
1 105
1000000000 105
1 106
1000000000 106
1 107
1000000000 107
1 108
1000000000 108
1 109
1000000000 109
1 110
1000000000 110
1 111
1000000000 111
1 112
1000000000 112
1 113
1000000000 113
1 114
1000000000 114
1 115
1000000000 115
1 116
1000000000 116
1 117
1000000000 117
1 118
1000000000 118
1 119
1000000000 119
1 120
1000000000 120
1 121
1000000000 121
1 122
1000000000 122
1 123
1000000000 123
1 124
1000000000 124
1 125
1000000000 125
1 126
1000000000 126
1 127
1000000000 127
1 128
1000000000 128
1 129
1000000000 129
1 130
1000000000 130
1 131
1000000000 131
1 132
1000000000 132
1 133
1000000000 133
1 134
1000000000 134
1 135
1000000000 135
1 136
1000000000 136
1 137
1000000000 137
1 138
1000000000 138
1 139
1000000000 139
1 140
1000000000 140
1 141
1000000000 141
1 142
1000000000 142
1 143
1000000000 143
1 144
1000000000 144
1 145
1000000000 145
1 146
1000000000 146
1 147
1000000000 147
1 148
1000000000 148
1 149
1000000000 149
1 150
1000000000 150
1 151
1000000000 151
1 152
1000000000 152
1 153
1000000000 153
1 154
1000000000 154
1 155
1000000000 155
1 156
1000000000 156
1 157
1000000000 157
1 158
1000000000 158
1 159
1000000000 159
1 160
1000000000 160
1 161
1000000000 161
1 162
1000000000 162
1 163
1000000000 163
1 164
1000000000 164
1 165
1000000000 165
1 166
1000000000 166
1 167
1000000000 167
1 168
1000000000 168
1 169
1000000000 169
1 170
1000000000 170
1 171
1000000000 171
1 172
1000000000 172
1 173
1000000000 173
1 174
1000000000 174
1 175
1000000000 175
1 176
1000000000 176
1 177
1000000000 177
1 178
1000000000 178
1 179
1000000000 179
1 180
1000000000 180
1 181
1000000000 181
1 182
1000000000 182
1 183
1000000000 183
1 184
1000000000 184
1 185
1000000000 185
1 186
1000000000 186
1 187
1000000000 187
1 188
1000000000 188
1 189
1000000000 189
1 190
1000000000 190
1 191
1000000000 191
1 192
1000000000 192
1 193
1000000000 193
1 194
1000000000 194
1 195
1000000000 195
1 196
1000000000 196
1 197
1000000000 197
1 198
1000000000 198
1 199
1000000000 199
1 200
1000000000 200
1 201
1000000000 201
1 202
1000000000 202
1 203
1000000000 203
1 204
1000000000 204
1 205
1000000000 205
1 206
1000000000 206
1 207
1000000000 207
1 208
1000000000 208
1 209
1000000000 209
1 210
1000000000 210
1 211
1000000000 211
1 212
1000000000 212
1 213
1000000000 213
1 214
1000000000 214
1 215
1000000000 215
1 216
1000000000 216
1 217
1000000000 217
1 218
1000000000 218
1 219
1000000000 219
1 220
1000000000 220
1 221
1000000000 221
1 222
1000000000 222
1 223
1000000000 223
1 224
1000000000 224
1 225
1000000000 225
1 226
1000000000 226
1 227
1000000000 227
1 228
1000000000 228
1 229
1000000000 229
1 230
1000000000 230
1 231
1000000000 231
1 232
1000000000 232
1 233
1000000000 233
1 234
1000000000 234
1 235
1000000000 235
1 236
1000000000 236
1 237
1000000000 237
1 238
1000000000 238
1 239
1000000000 239
1 240
1000000000 240
1 241
1000000000 241
1 242
1000000000 242
1 243
1000000000 243
1 244
1000000000 244
1 245
1000000000 245
1 246
1000000000 246
1 247
1000000000 247
1 248
1000000000 248
1 249
1000000000 249
1 250
1000000000 250
1 251
1000000000 251
1 252
1000000000 252
1 253
1000000000 253
1 254
1000000000 254
1 255
1000000000 255
1 256
1000000000 256
1 257
1000000000 257
1 258
1000000000 258
1 259
1000000000 259
1 260
1000000000 260
1 261
1000000000 261
1 262
1000000000 262
1 263
1000000000 263
1 264
1000000000 264
1 265
1000000000 265
1 266
1000000000 266
1 267
1000000000 267
1 268
1000000000 268
1 269
1000000000 269
1 270
1000000000 270
1 271
1000000000 271
1 272
1000000000 272
1 273
1000000000 273
1 274
1000000000 274
1 275
1000000000 275
1 276
1000000000 276
1 277
1000000000 277
1 278
1000000000 278
1 279
1000000000 279
1 280
1000000000 280
1 281
1000000000 281
1 282
1000000000 282
1 283
1000000000 283
1 284
1000000000 284
1 285
1000000000 285
1 286
1000000000 286
1 287
1000000000 287
1 288
1000000000 288
1 289
1000000000 289
1 290
1000000000 290
1 291
1000000000 291
1 292
1000000000 292
1 293
1000000000 293
1 294
1000000000 294
1 295
1000000000 295
1 296
1000000000 296
1 297
1000000000 297
1 298
1000000000 298
1 299
1000000000 299
1 300
1000000000 300
1 301
1000000000 301
1 302
1000000000 302
1 303
1000000000 303
1 304
1000000000 304
1 305
1000000000 305
1 306
1000000000 306
1 307
1000000000 307
1 308
1000000000 308
1 309
1000000000 309
1 310
1000000000 310
1 311
1000000000 311
1 312
1000000000 312
1 313
1000000000 313
1 314
1000000000 314
1 315
1000000000 315
1 316
1000000000 316
1 317
1000000000 317
1 318
1000000000 318
1 319
1000000000 319
1 320
1000000000 320
1 321
1000000000 321
1 322
1000000000 322
1 323
1000000000 323
1 324
1000000000 324
1 325
1000000000 325
1 326
1000000000 326
1 327
1000000000 327
1 328
1000000000 328
1 329
1000000000 329
1 330
1000000000 330
1 331
1000000000 331
1 332
1000000000 332
1 333
1000000000 333
1 334
1000000000 334
1 335
1000000000 335
1 336
1000000000 336
1 337
1000000000 337
1 338
1000000000 338
1 339
1000000000 339
1 340
1000000000 340
1 341
1000000000 341
1 342
1000000000 342
1 343
1000000000 343
1 344
1000000000 344
1 345
1000000000 345
1 346
1000000000 346
1 347
1000000000 347
1 348
1000000000 348
1 349
1000000000 349
1 350
1000000000 350
1 351
1000000000 351
1 352
1000000000 352
1 353
1000000000 353
1 354
1000000000 354
1 355
1000000000 355
1 356
1000000000 356
1 357
1000000000 357
1 358
1000000000 358
1 359
1000000000 359
1 360
1000000000 360
1 361
1000000000 361
1 362
1000000000 362
1 363
1000000000 363
1 364
1000000000 364
1 365
1000000000 365
1 366
1000000000 366
1 367
1000000000 367
1 368
1000000000 368
1 369
1000000000 369
1 370
1000000000 370
1 371
1000000000 371
1 372
1000000000 372
1 373
1000000000 373
1 374
1000000000 374
1 375
1000000000 375
1 376
1000000000 376
1 377
1000000000 377
1 378
1000000000 378
1 379
1000000000 379
1 380
1000000000 380
1 381
1000000000 381
1 382
1000000000 382
1 383
1000000000 383
1 384
1000000000 384
1 385
1000000000 385
1 386
1000000000 386
1 387
1000000000 387
1 388
1000000000 388
1 389
1000000000 389
1 390
1000000000 390
1 391
1000000000 391
1 392
1000000000 392
1 393
1000000000 393
1 394
1000000000 394
1 395
1000000000 395
1 396
1000000000 396
1 397
1000000000 397
1 398
1000000000 398
1 399
1000000000 399
1 400
1000000000 400
1 401
1000000000 401
1 402
1000000000 402
1 403
1000000000 403
1 404
1000000000 404
1 405
1000000000 405
1 406
1000000000 406
1 407
1000000000 407
1 408
1000000000 408
1 409
1000000000 409
1 410
1000000000 410
1 411
1000000000 411
1 412
1000000000 412
1 413
1000000000 413
1 414
1000000000 414
1 415
1000000000 415
1 416
1000000000 416
1 417
1000000000 417
1 418
1000000000 418
1 419
1000000000 419
1 420
1000000000 420
1 421
1000000000 421
1 422
1000000000 422
1 423
1000000000 423
1 424
1000000000 424
1 425
1000000000 425
1 426
1000000000 426
1 427
1000000000 427
1 428
1000000000 428
1 429
1000000000 429
1 430
1000000000 430
1 431
1000000000 431
1 432
1000000000 432
1 433
1000000000 433
1 434
1000000000 434
1 435
1000000000 435
1 436
1000000000 436
1 437
1000000000 437
1 438
1000000000 438
1 439
1000000000 439
1 440
1000000000 440
1 441
1000000000 441
1 442
1000000000 442
1 443
1000000000 443
1 444
1000000000 444
1 445
1000000000 445
1 446
1000000000 446
1 447
1000000000 447
1 448
1000000000 448
1 449
1000000000 449
1 450
1000000000 450
1 451
1000000000 451
1 452
1000000000 452
1 453
1000000000 453
1 454
1000000000 454
1 455
1000000000 455
1 456
1000000000 456
1 457
1000000000 457
1 458
1000000000 458
1 459
1000000000 459
1 460
1000000000 460
1 461
1000000000 461
1 462
1000000000 462
1 463
1000000000 463
1 464
1000000000 464
1 465
1000000000 465
1 466
1000000000 466
1 467
1000000000 467
1 468
1000000000 468
1 469
1000000000 469
1 470
1000000000 470
1 471
1000000000 471
1 472
1000000000 472
1 473
1000000000 473
1 474
1000000000 474
1 475
1000000000 475
1 476
1000000000 476
1 477
1000000000 477
1 478
1000000000 478
1 479
1000000000 479
1 480
1000000000 480
1 481
1000000000 481
1 482
1000000000 482
1 483
1000000000 483
1 484
1000000000 484
1 485
1000000000 485
1 486
1000000000 486
1 487
1000000000 487
1 488
1000000000 488
1 489
1000000000 489
1 490
1000000000 490
1 491
1000000000 491
1 492
1000000000 492
1 493
1000000000 493
1 494
1000000000 494
1 495
1000000000 495
1 496
1000000000 496
1 497
1000000000 497
1 498
1000000000 498
1 499
1000000000 499
1 500
1000000000 500
